0.11986601391393971
0.19855707291935068
0.18737438804431847
0.14171605256377223
0.09002834321051276
0.05709868590569441
0.03148673022416903
0.01978871424890492
0.014377737696469982
0.012316413295542386
0.00979129090440608
0.01077041999484669
0.009636691574336512
0.008657562483895903
0.008709095593919093
0.007729966503478485
0.007266168513269776
0.007163102293223396
0.007163102293223396
0.006802370523061067
0.0059263076526668386
0.005720175212574079
0.00494717856222623
0.0037103839216696727
0.004174181911878382
0.0027827879412522546
0.002576655501159495
0.0018036588508116465
0.0014429270806493172
0.0015975264107188868
0.0008760628703942283
0.0008760628703942283
0.0008760628703942283
0.0006699304303014687
0.0003607317701623293
0.0002576655501159495
0.0002576655501159495
0.0002576655501159495
0.0001030662200463798
0.0002061324400927596
0.0001545993300695697
0.0001030662200463798
0.0001545993300695697
0.0001030662200463798
0.0002576655501159495
5.15331100231899e-05
0.0001030662200463798
0.0001030662200463798
5.15331100231899e-05
0.0
0.0001030662200463798
0.0001545993300695697
0.0001545993300695697
5.15331100231899e-05
5.15331100231899e-05
0.0001030662200463798
0.0001545993300695697
0.0
5.15331100231899e-05
5.15331100231899e-05
0.0
0.0001030662200463798
0.0001030662200463798
0.0
5.15331100231899e-05
0.0001030662200463798
5.15331100231899e-05
0.0001030662200463798
0.0
5.15331100231899e-05
0.0
5.15331100231899e-05
5.15331100231899e-05
5.15331100231899e-05
5.15331100231899e-05
5.15331100231899e-05
5.15331100231899e-05
5.15331100231899e-05
5.15331100231899e-05
0.0
5.15331100231899e-05
0.0
0.0
0.0
5.15331100231899e-05
0.0
0.0
0.0001030662200463798
0.0
5.15331100231899e-05
0.0
0.0001030662200463798
0.0
5.15331100231899e-05
0.0
5.15331100231899e-05
0.0
5.15331100231899e-05
0.0
5.15331100231899e-05
0.0
0.0
5.15331100231899e-05
0.0
0.0
0.0
5.15331100231899e-05
0.0001030662200463798
0.0
0.0
0.0001545993300695697
5.15331100231899e-05
5.15331100231899e-05
0.0
0.0
0.0
0.0
0.0
0.0001030662200463798
0.0
0.0
0.0
0.0
5.15331100231899e-05
0.0
5.15331100231899e-05
0.0
0.0
5.15331100231899e-05
0.0
0.0
0.0
0.0
0.0
0.0
0.0
0.0
5.15331100231899e-05
